#                                                                                 --- full sequence --- -------------- this domain -------------   hmm coord   ali coord   env coord
# target name             accession   tlen query name           accession   qlen   E-value  score  bias   #  of  c-Evalue  i-Evalue  score  bias  from    to  from    to  from    to  acc description of target
#     ------------------- ---------- ----- -------------------- ---------- ----- --------- ------ ----- --- --- --------- --------- ------ ----- ----- ----- ----- ----- ----- ----- ---- ---------------------
ctg000003_P:273933-275906 -            658 11940at4891          -            504  2.3e-207  686.7  41.8   1   4     1e-09   9.2e-07   25.0   0.0     1    29    13    42    13    49 0.88 -
ctg000003_P:273933-275906 -            658 11940at4891          -            504  2.3e-207  686.7  41.8   2   4   1.3e-40   1.2e-37  126.9   0.2    28   128    61   176    51   181 0.86 -
ctg000003_P:273933-275906 -            658 11940at4891          -            504  2.3e-207  686.7  41.8   3   4   7.2e-07   0.00064   15.6   0.2   121   144   208   235   193   240 0.85 -
ctg000003_P:273933-275906 -            658 11940at4891          -            504  2.3e-207  686.7  41.8   4   4  7.2e-162  6.4e-159  526.9  28.6   144   504   261   658   256   658 0.91 -
ctg000000_P:649307-651289 -            661 11940at4891          -            504  2.9e-197  653.4  43.8   1   4   1.8e-07   0.00016   17.6   0.0     2    29     8    36     7    42 0.90 -
ctg000000_P:649307-651289 -            661 11940at4891          -            504  2.9e-197  653.4  43.8   2   4   5.3e-39   4.7e-36  121.6   0.2    28   123    55   165    48   169 0.87 -
ctg000000_P:649307-651289 -            661 11940at4891          -            504  2.9e-197  653.4  43.8   3   4   5.8e-06    0.0052   12.6   0.4   121   144   211   238   202   242 0.84 -
ctg000000_P:649307-651289 -            661 11940at4891          -            504  2.9e-197  653.4  43.8   4   4  5.2e-156  4.7e-153  507.6  32.0   144   504   264   661   258   661 0.91 -
ctg000010_P:188216-190168 -            651 11940at4891          -            504   3.9e-36  121.9  55.4   1   4   9.5e-18   8.5e-15   51.5   0.0    10   135     4   155     1   175 0.75 -
ctg000010_P:188216-190168 -            651 11940at4891          -            504   3.9e-36  121.9  55.4   2   4   1.6e-06    0.0014   14.4   0.9   135   198   186   265   180   281 0.69 -
ctg000010_P:188216-190168 -            651 11940at4891          -            504   3.9e-36  121.9  55.4   3   4   1.4e-06    0.0013   14.6  18.4   231   355   320   470   312   475 0.67 -
ctg000010_P:188216-190168 -            651 11940at4891          -            504   3.9e-36  121.9  55.4   4   4   1.4e-17   1.3e-14   50.9  18.4   370   499   504   650   494   651 0.79 -
#
# Program:         hmmsearch
# Version:         3.1b2 (February 2015)
# Pipeline mode:   SEARCH
# Query file:      /Users/dominiquefastus/DeNovoProj/BUSCO_ass/busco_downloads/lineages/saccharomycetes_odb10/hmms/11940at4891.hmm
# Target file:     /Users/dominiquefastus/DeNovoProj/BUSCO_ass/busco_out/run_saccharomycetes_odb10/metaeuk_output/initial_results/asm_ctgs_m.fa.modified.fas
# Option settings: hmmsearch --domtblout /Users/dominiquefastus/DeNovoProj/BUSCO_ass/busco_out/run_saccharomycetes_odb10/hmmer_output/initial_run_results/11940at4891.out --cpu 1 /Users/dominiquefastus/DeNovoProj/BUSCO_ass/busco_downloads/lineages/saccharomycetes_odb10/hmms/11940at4891.hmm /Users/dominiquefastus/DeNovoProj/BUSCO_ass/busco_out/run_saccharomycetes_odb10/metaeuk_output/initial_results/asm_ctgs_m.fa.modified.fas 
# Current dir:     /Users/dominiquefastus/DeNovoProj/BUSCO_ass
# Date:            Fri Feb 24 13:44:05 2023
# [ok]
