#                                                                                 --- full sequence --- -------------- this domain -------------   hmm coord   ali coord   env coord
# target name             accession   tlen query name           accession   qlen   E-value  score  bias   #  of  c-Evalue  i-Evalue  score  bias  from    to  from    to  from    to  acc description of target
#     ------------------- ---------- ----- -------------------- ---------- ----- --------- ------ ----- --- --- --------- --------- ------ ----- ----- ----- ----- ----- ----- ----- ---- ---------------------
ctg000006_P:800378-802237 -            620 6172at4891           -            481  1.6e-209  693.8   0.1   1   2   1.8e-81   1.2e-78  262.2   0.0     2   160    18   190    17   198 0.93 -
ctg000006_P:800378-802237 -            620 6172at4891           -            481  1.6e-209  693.8   0.1   2   2  1.2e-131  7.9e-129  427.7   0.0   172   480   246   617   225   618 0.83 -
ctg000010_P:533041-534681 -            547 6172at4891           -            481   3.6e-11   39.6   0.2   1   4   6.2e-09   4.1e-06   22.9   0.0   115   143    47    75    11   100 0.84 -
ctg000010_P:533041-534681 -            547 6172at4891           -            481   3.6e-11   39.6   0.2   2   4      0.82   5.5e+02   -3.8   0.0    68    99   121   153   116   169 0.57 -
ctg000010_P:533041-534681 -            547 6172at4891           -            481   3.6e-11   39.6   0.2   3   4    0.0033       2.2    4.0   0.0   238   271   286   322   278   326 0.80 -
ctg000010_P:533041-534681 -            547 6172at4891           -            481   3.6e-11   39.6   0.2   4   4   0.00017      0.11    8.3   0.0   432   468   509   545   477   547 0.75 -
ctg000006_P:448172-449296 -            375 6172at4891           -            481   2.7e-10   36.8   0.0   1   2   7.5e-07    0.0005   16.1   0.0    71   143     2    84     1   110 0.72 -
ctg000006_P:448172-449296 -            375 6172at4891           -            481   2.7e-10   36.8   0.0   2   2   1.7e-07   0.00012   18.2   0.0   163   349   155   350   143   364 0.79 -
ctg000009_P:210741-211898 -            386 6172at4891           -            481     7e-07   25.5   0.0   1   2   1.6e-06    0.0011   15.0   0.0    69   142    37   121     1   150 0.69 -
ctg000009_P:210741-211898 -            386 6172at4891           -            481     7e-07   25.5   0.0   2   2   0.00017      0.11    8.3   0.0   199   346   232   385   188   386 0.66 -
#
# Program:         hmmsearch
# Version:         3.1b2 (February 2015)
# Pipeline mode:   SEARCH
# Query file:      /Users/dominiquefastus/DeNovoProj/BUSCO_ass/busco_downloads/lineages/saccharomycetes_odb10/hmms/6172at4891.hmm
# Target file:     /Users/dominiquefastus/DeNovoProj/BUSCO_ass/busco_out/run_saccharomycetes_odb10/metaeuk_output/initial_results/asm_ctgs_m.fa.modified.fas
# Option settings: hmmsearch --domtblout /Users/dominiquefastus/DeNovoProj/BUSCO_ass/busco_out/run_saccharomycetes_odb10/hmmer_output/initial_run_results/6172at4891.out --cpu 1 /Users/dominiquefastus/DeNovoProj/BUSCO_ass/busco_downloads/lineages/saccharomycetes_odb10/hmms/6172at4891.hmm /Users/dominiquefastus/DeNovoProj/BUSCO_ass/busco_out/run_saccharomycetes_odb10/metaeuk_output/initial_results/asm_ctgs_m.fa.modified.fas 
# Current dir:     /Users/dominiquefastus/DeNovoProj/BUSCO_ass
# Date:            Fri Feb 24 14:28:45 2023
# [ok]
