#                                                                                 --- full sequence --- -------------- this domain -------------   hmm coord   ali coord   env coord
# target name             accession   tlen query name           accession   qlen   E-value  score  bias   #  of  c-Evalue  i-Evalue  score  bias  from    to  from    to  from    to  acc description of target
#     ------------------- ---------- ----- -------------------- ---------- ----- --------- ------ ----- --- --- --------- --------- ------ ----- ----- ----- ----- ----- ----- ----- ---- ---------------------
ctg000000_P:788828-790867 -            680 7621at4891           -            403  4.6e-235  777.1   5.5   1   1  1.9e-237  5.6e-235  776.8   5.5     1   403   236   678   236   678 0.95 -
ctg000005_P:240861-242165 -            435 7621at4891           -            403     2e-85  284.3   0.1   1   1   1.1e-87   3.3e-85  283.5   0.1    18   401     1   433     1   435 0.82 -
ctg000007_P:340621-341925 -            435 7621at4891           -            403     2e-85  284.3   0.1   1   1   1.1e-87   3.3e-85  283.5   0.1    18   401     1   433     1   435 0.82 -
ctg000009_P:604206-606029 -            608 7621at4891           -            403   4.1e-63  210.8   0.0   1   1   2.8e-65   8.4e-63  209.7   0.0    19   402   165   607   155   608 0.75 -
ctg000002_P:406589-407782 -            398 7621at4891           -            403   5.2e-29   98.5   1.5   1   1   4.3e-30   1.3e-27   93.9   1.5    17   318     6   313     2   396 0.76 -
ctg000002_P:614800-616977 -            726 7621at4891           -            403   1.7e-08   30.9   0.0   1   2   1.2e-09   3.5e-07   26.6   0.0    21   208   271   479   260   519 0.72 -
ctg000002_P:614800-616977 -            726 7621at4891           -            403   1.7e-08   30.9   0.0   2   2     0.059        17    1.2   0.0   287   342   522   577   515   601 0.74 -
ctg000002_P:812320-814227 -            636 7621at4891           -            403   2.7e-05   20.3   1.5   1   2     0.034        10    2.0   0.1    22    36   107   121    89   133 0.79 -
ctg000002_P:812320-814227 -            636 7621at4891           -            403   2.7e-05   20.3   1.5   2   2     1e-06   0.00031   16.9   0.2    98   207   154   264   131   337 0.66 -
ctg000003_P:251474-253705 -            744 7621at4891           -            403   0.00077   15.6   0.1   1   1   4.3e-06    0.0013   14.8   0.1    23   149    56   176    34   190 0.73 -
ctg000010_P:371183-372763 -            527 7621at4891           -            403   0.00089   15.4   0.1   1   2      0.33        97   -1.2   0.0    16    37    96   117    90   133 0.81 -
ctg000010_P:371183-372763 -            527 7621at4891           -            403   0.00089   15.4   0.1   2   2   1.1e-05    0.0033   13.5   0.0    98   169   187   252   183   293 0.76 -
#
# Program:         hmmsearch
# Version:         3.1b2 (February 2015)
# Pipeline mode:   SEARCH
# Query file:      /Users/dominiquefastus/DeNovoProj/BUSCO_ass/busco_downloads/lineages/saccharomycetes_odb10/hmms/7621at4891.hmm
# Target file:     /Users/dominiquefastus/DeNovoProj/BUSCO_ass/busco_out/run_saccharomycetes_odb10/metaeuk_output/initial_results/asm_ctgs_m.fa.modified.fas
# Option settings: hmmsearch --domtblout /Users/dominiquefastus/DeNovoProj/BUSCO_ass/busco_out/run_saccharomycetes_odb10/hmmer_output/initial_run_results/7621at4891.out --cpu 1 /Users/dominiquefastus/DeNovoProj/BUSCO_ass/busco_downloads/lineages/saccharomycetes_odb10/hmms/7621at4891.hmm /Users/dominiquefastus/DeNovoProj/BUSCO_ass/busco_out/run_saccharomycetes_odb10/metaeuk_output/initial_results/asm_ctgs_m.fa.modified.fas 
# Current dir:     /Users/dominiquefastus/DeNovoProj/BUSCO_ass
# Date:            Fri Feb 24 14:29:41 2023
# [ok]
